{
 "cells": [
  {
   "cell_type": "code",
   "execution_count": 34,
   "metadata": {
    "collapsed": true
   },
   "outputs": [],
   "source": [
    "import pandas as pd\n",
    "import numpy as np\n",
    "import matplotlib.pylab as plt\n",
    "%matplotlib inline\n",
    "from matplotlib.pylab import rcParams\n",
    "rcParams['figure.figsize'] = 15, 6\n",
    "\n",
    "data = pd.read_csv('C:/Users/JP/Documents/School/Practicum/Github/Practicum/data/dataset.csv')"
   ]
  },
  {
   "cell_type": "code",
   "execution_count": 35,
   "metadata": {},
   "outputs": [
    {
     "data": {
      "text/html": [
       "<div>\n",
       "<style>\n",
       "    .dataframe thead tr:only-child th {\n",
       "        text-align: right;\n",
       "    }\n",
       "\n",
       "    .dataframe thead th {\n",
       "        text-align: left;\n",
       "    }\n",
       "\n",
       "    .dataframe tbody tr th {\n",
       "        vertical-align: top;\n",
       "    }\n",
       "</style>\n",
       "<table border=\"1\" class=\"dataframe\">\n",
       "  <thead>\n",
       "    <tr style=\"text-align: right;\">\n",
       "      <th></th>\n",
       "      <th>ETHOpen</th>\n",
       "      <th>ETHHigh</th>\n",
       "      <th>ETHLow</th>\n",
       "      <th>TBondsOpenValue</th>\n",
       "      <th>IndexFutures</th>\n",
       "      <th>InflationRateValue</th>\n",
       "      <th>UnemploymentValue</th>\n",
       "      <th>FedFundRateValue</th>\n",
       "      <th>GDP</th>\n",
       "      <th>SandPValue</th>\n",
       "    </tr>\n",
       "    <tr>\n",
       "      <th>Date</th>\n",
       "      <th></th>\n",
       "      <th></th>\n",
       "      <th></th>\n",
       "      <th></th>\n",
       "      <th></th>\n",
       "      <th></th>\n",
       "      <th></th>\n",
       "      <th></th>\n",
       "      <th></th>\n",
       "      <th></th>\n",
       "    </tr>\n",
       "  </thead>\n",
       "  <tbody>\n",
       "    <tr>\n",
       "      <th>2015-08-07</th>\n",
       "      <td>0.6747</td>\n",
       "      <td>3.00</td>\n",
       "      <td>0.6747</td>\n",
       "      <td>157.00000</td>\n",
       "      <td>98.215</td>\n",
       "      <td>0.17</td>\n",
       "      <td>5.1</td>\n",
       "      <td>0.14</td>\n",
       "      <td>17393.1</td>\n",
       "      <td>2080.0</td>\n",
       "    </tr>\n",
       "    <tr>\n",
       "      <th>2015-08-10</th>\n",
       "      <td>1.2000</td>\n",
       "      <td>1.20</td>\n",
       "      <td>1.2000</td>\n",
       "      <td>158.62500</td>\n",
       "      <td>97.985</td>\n",
       "      <td>0.17</td>\n",
       "      <td>5.1</td>\n",
       "      <td>0.14</td>\n",
       "      <td>17393.1</td>\n",
       "      <td>2072.5</td>\n",
       "    </tr>\n",
       "    <tr>\n",
       "      <th>2015-08-11</th>\n",
       "      <td>1.2000</td>\n",
       "      <td>1.20</td>\n",
       "      <td>0.6504</td>\n",
       "      <td>156.87500</td>\n",
       "      <td>97.540</td>\n",
       "      <td>0.17</td>\n",
       "      <td>5.1</td>\n",
       "      <td>0.15</td>\n",
       "      <td>17393.1</td>\n",
       "      <td>2101.3</td>\n",
       "    </tr>\n",
       "    <tr>\n",
       "      <th>2015-08-12</th>\n",
       "      <td>0.9900</td>\n",
       "      <td>1.29</td>\n",
       "      <td>0.9050</td>\n",
       "      <td>158.71875</td>\n",
       "      <td>97.495</td>\n",
       "      <td>0.17</td>\n",
       "      <td>5.1</td>\n",
       "      <td>0.15</td>\n",
       "      <td>17393.1</td>\n",
       "      <td>2080.8</td>\n",
       "    </tr>\n",
       "    <tr>\n",
       "      <th>2015-08-13</th>\n",
       "      <td>1.2900</td>\n",
       "      <td>1.88</td>\n",
       "      <td>1.2600</td>\n",
       "      <td>158.18750</td>\n",
       "      <td>96.690</td>\n",
       "      <td>0.17</td>\n",
       "      <td>5.1</td>\n",
       "      <td>0.15</td>\n",
       "      <td>17393.1</td>\n",
       "      <td>2083.0</td>\n",
       "    </tr>\n",
       "  </tbody>\n",
       "</table>\n",
       "</div>"
      ],
      "text/plain": [
       "            ETHOpen  ETHHigh  ETHLow  TBondsOpenValue  IndexFutures  \\\n",
       "Date                                                                  \n",
       "2015-08-07   0.6747     3.00  0.6747        157.00000        98.215   \n",
       "2015-08-10   1.2000     1.20  1.2000        158.62500        97.985   \n",
       "2015-08-11   1.2000     1.20  0.6504        156.87500        97.540   \n",
       "2015-08-12   0.9900     1.29  0.9050        158.71875        97.495   \n",
       "2015-08-13   1.2900     1.88  1.2600        158.18750        96.690   \n",
       "\n",
       "            InflationRateValue  UnemploymentValue  FedFundRateValue      GDP  \\\n",
       "Date                                                                           \n",
       "2015-08-07                0.17                5.1              0.14  17393.1   \n",
       "2015-08-10                0.17                5.1              0.14  17393.1   \n",
       "2015-08-11                0.17                5.1              0.15  17393.1   \n",
       "2015-08-12                0.17                5.1              0.15  17393.1   \n",
       "2015-08-13                0.17                5.1              0.15  17393.1   \n",
       "\n",
       "            SandPValue  \n",
       "Date                    \n",
       "2015-08-07      2080.0  \n",
       "2015-08-10      2072.5  \n",
       "2015-08-11      2101.3  \n",
       "2015-08-12      2080.8  \n",
       "2015-08-13      2083.0  "
      ]
     },
     "execution_count": 35,
     "metadata": {},
     "output_type": "execute_result"
    }
   ],
   "source": [
    "df = pd.DataFrame(data)\n",
    "df['Date'] = pd.to_datetime(df['Date'],format='%Y-%m-%d')\n",
    "df = df.set_index('Date')\n",
    "df.head()"
   ]
  },
  {
   "cell_type": "code",
   "execution_count": 36,
   "metadata": {},
   "outputs": [
    {
     "data": {
      "text/html": [
       "<div>\n",
       "<style>\n",
       "    .dataframe thead tr:only-child th {\n",
       "        text-align: right;\n",
       "    }\n",
       "\n",
       "    .dataframe thead th {\n",
       "        text-align: left;\n",
       "    }\n",
       "\n",
       "    .dataframe tbody tr th {\n",
       "        vertical-align: top;\n",
       "    }\n",
       "</style>\n",
       "<table border=\"1\" class=\"dataframe\">\n",
       "  <thead>\n",
       "    <tr style=\"text-align: right;\">\n",
       "      <th></th>\n",
       "      <th>ETHOpen</th>\n",
       "      <th>ETHHigh</th>\n",
       "      <th>ETHLow</th>\n",
       "      <th>TBondsOpenValue</th>\n",
       "      <th>IndexFutures</th>\n",
       "      <th>InflationRateValue</th>\n",
       "      <th>UnemploymentValue</th>\n",
       "      <th>FedFundRateValue</th>\n",
       "      <th>GDP</th>\n",
       "      <th>SandPValue</th>\n",
       "    </tr>\n",
       "  </thead>\n",
       "  <tbody>\n",
       "    <tr>\n",
       "      <th>count</th>\n",
       "      <td>579.000000</td>\n",
       "      <td>579.000000</td>\n",
       "      <td>579.000000</td>\n",
       "      <td>575.000000</td>\n",
       "      <td>579.000000</td>\n",
       "      <td>579.000000</td>\n",
       "      <td>579.000000</td>\n",
       "      <td>579.000000</td>\n",
       "      <td>579.000000</td>\n",
       "      <td>576.000000</td>\n",
       "    </tr>\n",
       "    <tr>\n",
       "      <th>mean</th>\n",
       "      <td>56.949033</td>\n",
       "      <td>59.959014</td>\n",
       "      <td>53.399762</td>\n",
       "      <td>159.015707</td>\n",
       "      <td>97.106434</td>\n",
       "      <td>1.307351</td>\n",
       "      <td>4.748705</td>\n",
       "      <td>0.532798</td>\n",
       "      <td>18099.418653</td>\n",
       "      <td>2179.659392</td>\n",
       "    </tr>\n",
       "    <tr>\n",
       "      <th>std</th>\n",
       "      <td>101.170276</td>\n",
       "      <td>105.952781</td>\n",
       "      <td>94.845475</td>\n",
       "      <td>7.086431</td>\n",
       "      <td>2.666129</td>\n",
       "      <td>0.748413</td>\n",
       "      <td>0.250074</td>\n",
       "      <td>0.331257</td>\n",
       "      <td>415.034217</td>\n",
       "      <td>177.098043</td>\n",
       "    </tr>\n",
       "    <tr>\n",
       "      <th>min</th>\n",
       "      <td>0.420000</td>\n",
       "      <td>0.471900</td>\n",
       "      <td>0.411000</td>\n",
       "      <td>147.500000</td>\n",
       "      <td>91.190000</td>\n",
       "      <td>-0.036000</td>\n",
       "      <td>4.300000</td>\n",
       "      <td>0.070000</td>\n",
       "      <td>17393.100000</td>\n",
       "      <td>1828.000000</td>\n",
       "    </tr>\n",
       "    <tr>\n",
       "      <th>25%</th>\n",
       "      <td>5.650000</td>\n",
       "      <td>6.335000</td>\n",
       "      <td>5.185000</td>\n",
       "      <td>153.406250</td>\n",
       "      <td>95.235000</td>\n",
       "      <td>0.835000</td>\n",
       "      <td>4.500000</td>\n",
       "      <td>0.360000</td>\n",
       "      <td>18036.650000</td>\n",
       "      <td>2054.300000</td>\n",
       "    </tr>\n",
       "    <tr>\n",
       "      <th>50%</th>\n",
       "      <td>11.210000</td>\n",
       "      <td>11.620000</td>\n",
       "      <td>10.840000</td>\n",
       "      <td>156.687500</td>\n",
       "      <td>96.800000</td>\n",
       "      <td>1.125000</td>\n",
       "      <td>4.800000</td>\n",
       "      <td>0.400000</td>\n",
       "      <td>18036.650000</td>\n",
       "      <td>2148.350000</td>\n",
       "    </tr>\n",
       "    <tr>\n",
       "      <th>75%</th>\n",
       "      <td>38.415000</td>\n",
       "      <td>43.370000</td>\n",
       "      <td>34.655000</td>\n",
       "      <td>164.578125</td>\n",
       "      <td>99.160000</td>\n",
       "      <td>1.872000</td>\n",
       "      <td>5.000000</td>\n",
       "      <td>0.820000</td>\n",
       "      <td>18569.100000</td>\n",
       "      <td>2353.000000</td>\n",
       "    </tr>\n",
       "    <tr>\n",
       "      <th>max</th>\n",
       "      <td>394.660000</td>\n",
       "      <td>417.210000</td>\n",
       "      <td>386.710000</td>\n",
       "      <td>177.093750</td>\n",
       "      <td>103.370000</td>\n",
       "      <td>2.738000</td>\n",
       "      <td>5.100000</td>\n",
       "      <td>1.160000</td>\n",
       "      <td>18569.100000</td>\n",
       "      <td>2507.000000</td>\n",
       "    </tr>\n",
       "  </tbody>\n",
       "</table>\n",
       "</div>"
      ],
      "text/plain": [
       "          ETHOpen     ETHHigh      ETHLow  TBondsOpenValue  IndexFutures  \\\n",
       "count  579.000000  579.000000  579.000000       575.000000    579.000000   \n",
       "mean    56.949033   59.959014   53.399762       159.015707     97.106434   \n",
       "std    101.170276  105.952781   94.845475         7.086431      2.666129   \n",
       "min      0.420000    0.471900    0.411000       147.500000     91.190000   \n",
       "25%      5.650000    6.335000    5.185000       153.406250     95.235000   \n",
       "50%     11.210000   11.620000   10.840000       156.687500     96.800000   \n",
       "75%     38.415000   43.370000   34.655000       164.578125     99.160000   \n",
       "max    394.660000  417.210000  386.710000       177.093750    103.370000   \n",
       "\n",
       "       InflationRateValue  UnemploymentValue  FedFundRateValue           GDP  \\\n",
       "count          579.000000         579.000000        579.000000    579.000000   \n",
       "mean             1.307351           4.748705          0.532798  18099.418653   \n",
       "std              0.748413           0.250074          0.331257    415.034217   \n",
       "min             -0.036000           4.300000          0.070000  17393.100000   \n",
       "25%              0.835000           4.500000          0.360000  18036.650000   \n",
       "50%              1.125000           4.800000          0.400000  18036.650000   \n",
       "75%              1.872000           5.000000          0.820000  18569.100000   \n",
       "max              2.738000           5.100000          1.160000  18569.100000   \n",
       "\n",
       "        SandPValue  \n",
       "count   576.000000  \n",
       "mean   2179.659392  \n",
       "std     177.098043  \n",
       "min    1828.000000  \n",
       "25%    2054.300000  \n",
       "50%    2148.350000  \n",
       "75%    2353.000000  \n",
       "max    2507.000000  "
      ]
     },
     "execution_count": 36,
     "metadata": {},
     "output_type": "execute_result"
    }
   ],
   "source": [
    "df.describe()"
   ]
  },
  {
   "cell_type": "code",
   "execution_count": 37,
   "metadata": {},
   "outputs": [
    {
     "data": {
      "text/html": [
       "<div>\n",
       "<style>\n",
       "    .dataframe thead tr:only-child th {\n",
       "        text-align: right;\n",
       "    }\n",
       "\n",
       "    .dataframe thead th {\n",
       "        text-align: left;\n",
       "    }\n",
       "\n",
       "    .dataframe tbody tr th {\n",
       "        vertical-align: top;\n",
       "    }\n",
       "</style>\n",
       "<table border=\"1\" class=\"dataframe\">\n",
       "  <thead>\n",
       "    <tr style=\"text-align: right;\">\n",
       "      <th></th>\n",
       "      <th>ETHOpen</th>\n",
       "      <th>ETHHigh</th>\n",
       "      <th>ETHLow</th>\n",
       "      <th>TBondsOpenValue</th>\n",
       "      <th>IndexFutures</th>\n",
       "      <th>InflationRateValue</th>\n",
       "      <th>UnemploymentValue</th>\n",
       "      <th>FedFundRateValue</th>\n",
       "      <th>GDP</th>\n",
       "      <th>SandPValue</th>\n",
       "    </tr>\n",
       "  </thead>\n",
       "  <tbody>\n",
       "    <tr>\n",
       "      <th>ETHOpen</th>\n",
       "      <td>1.000000</td>\n",
       "      <td>0.998098</td>\n",
       "      <td>0.993906</td>\n",
       "      <td>-0.266191</td>\n",
       "      <td>-0.451010</td>\n",
       "      <td>0.387803</td>\n",
       "      <td>-0.736796</td>\n",
       "      <td>0.829288</td>\n",
       "      <td>0.574975</td>\n",
       "      <td>0.735227</td>\n",
       "    </tr>\n",
       "    <tr>\n",
       "      <th>ETHHigh</th>\n",
       "      <td>0.998098</td>\n",
       "      <td>1.000000</td>\n",
       "      <td>0.992941</td>\n",
       "      <td>-0.269285</td>\n",
       "      <td>-0.449839</td>\n",
       "      <td>0.391143</td>\n",
       "      <td>-0.741758</td>\n",
       "      <td>0.832486</td>\n",
       "      <td>0.578172</td>\n",
       "      <td>0.737873</td>\n",
       "    </tr>\n",
       "    <tr>\n",
       "      <th>ETHLow</th>\n",
       "      <td>0.993906</td>\n",
       "      <td>0.992941</td>\n",
       "      <td>1.000000</td>\n",
       "      <td>-0.266453</td>\n",
       "      <td>-0.459013</td>\n",
       "      <td>0.387510</td>\n",
       "      <td>-0.734982</td>\n",
       "      <td>0.827127</td>\n",
       "      <td>0.574242</td>\n",
       "      <td>0.735122</td>\n",
       "    </tr>\n",
       "    <tr>\n",
       "      <th>TBondsOpenValue</th>\n",
       "      <td>-0.266191</td>\n",
       "      <td>-0.269285</td>\n",
       "      <td>-0.266453</td>\n",
       "      <td>1.000000</td>\n",
       "      <td>-0.476931</td>\n",
       "      <td>-0.413921</td>\n",
       "      <td>0.470196</td>\n",
       "      <td>-0.398502</td>\n",
       "      <td>-0.256625</td>\n",
       "      <td>-0.458474</td>\n",
       "    </tr>\n",
       "    <tr>\n",
       "      <th>IndexFutures</th>\n",
       "      <td>-0.451010</td>\n",
       "      <td>-0.449839</td>\n",
       "      <td>-0.459013</td>\n",
       "      <td>-0.476931</td>\n",
       "      <td>1.000000</td>\n",
       "      <td>0.293631</td>\n",
       "      <td>0.041790</td>\n",
       "      <td>-0.160509</td>\n",
       "      <td>0.013293</td>\n",
       "      <td>-0.036247</td>\n",
       "    </tr>\n",
       "    <tr>\n",
       "      <th>InflationRateValue</th>\n",
       "      <td>0.387803</td>\n",
       "      <td>0.391143</td>\n",
       "      <td>0.387510</td>\n",
       "      <td>-0.413921</td>\n",
       "      <td>0.293631</td>\n",
       "      <td>1.000000</td>\n",
       "      <td>-0.785948</td>\n",
       "      <td>0.764245</td>\n",
       "      <td>0.909754</td>\n",
       "      <td>0.754698</td>\n",
       "    </tr>\n",
       "    <tr>\n",
       "      <th>UnemploymentValue</th>\n",
       "      <td>-0.736796</td>\n",
       "      <td>-0.741758</td>\n",
       "      <td>-0.734982</td>\n",
       "      <td>0.470196</td>\n",
       "      <td>0.041790</td>\n",
       "      <td>-0.785948</td>\n",
       "      <td>1.000000</td>\n",
       "      <td>-0.913640</td>\n",
       "      <td>-0.818721</td>\n",
       "      <td>-0.871006</td>\n",
       "    </tr>\n",
       "    <tr>\n",
       "      <th>FedFundRateValue</th>\n",
       "      <td>0.829288</td>\n",
       "      <td>0.832486</td>\n",
       "      <td>0.827127</td>\n",
       "      <td>-0.398502</td>\n",
       "      <td>-0.160509</td>\n",
       "      <td>0.764245</td>\n",
       "      <td>-0.913640</td>\n",
       "      <td>1.000000</td>\n",
       "      <td>0.875812</td>\n",
       "      <td>0.895625</td>\n",
       "    </tr>\n",
       "    <tr>\n",
       "      <th>GDP</th>\n",
       "      <td>0.574975</td>\n",
       "      <td>0.578172</td>\n",
       "      <td>0.574242</td>\n",
       "      <td>-0.256625</td>\n",
       "      <td>0.013293</td>\n",
       "      <td>0.909754</td>\n",
       "      <td>-0.818721</td>\n",
       "      <td>0.875812</td>\n",
       "      <td>1.000000</td>\n",
       "      <td>0.794398</td>\n",
       "    </tr>\n",
       "    <tr>\n",
       "      <th>SandPValue</th>\n",
       "      <td>0.735227</td>\n",
       "      <td>0.737873</td>\n",
       "      <td>0.735122</td>\n",
       "      <td>-0.458474</td>\n",
       "      <td>-0.036247</td>\n",
       "      <td>0.754698</td>\n",
       "      <td>-0.871006</td>\n",
       "      <td>0.895625</td>\n",
       "      <td>0.794398</td>\n",
       "      <td>1.000000</td>\n",
       "    </tr>\n",
       "  </tbody>\n",
       "</table>\n",
       "</div>"
      ],
      "text/plain": [
       "                     ETHOpen   ETHHigh    ETHLow  TBondsOpenValue  \\\n",
       "ETHOpen             1.000000  0.998098  0.993906        -0.266191   \n",
       "ETHHigh             0.998098  1.000000  0.992941        -0.269285   \n",
       "ETHLow              0.993906  0.992941  1.000000        -0.266453   \n",
       "TBondsOpenValue    -0.266191 -0.269285 -0.266453         1.000000   \n",
       "IndexFutures       -0.451010 -0.449839 -0.459013        -0.476931   \n",
       "InflationRateValue  0.387803  0.391143  0.387510        -0.413921   \n",
       "UnemploymentValue  -0.736796 -0.741758 -0.734982         0.470196   \n",
       "FedFundRateValue    0.829288  0.832486  0.827127        -0.398502   \n",
       "GDP                 0.574975  0.578172  0.574242        -0.256625   \n",
       "SandPValue          0.735227  0.737873  0.735122        -0.458474   \n",
       "\n",
       "                    IndexFutures  InflationRateValue  UnemploymentValue  \\\n",
       "ETHOpen                -0.451010            0.387803          -0.736796   \n",
       "ETHHigh                -0.449839            0.391143          -0.741758   \n",
       "ETHLow                 -0.459013            0.387510          -0.734982   \n",
       "TBondsOpenValue        -0.476931           -0.413921           0.470196   \n",
       "IndexFutures            1.000000            0.293631           0.041790   \n",
       "InflationRateValue      0.293631            1.000000          -0.785948   \n",
       "UnemploymentValue       0.041790           -0.785948           1.000000   \n",
       "FedFundRateValue       -0.160509            0.764245          -0.913640   \n",
       "GDP                     0.013293            0.909754          -0.818721   \n",
       "SandPValue             -0.036247            0.754698          -0.871006   \n",
       "\n",
       "                    FedFundRateValue       GDP  SandPValue  \n",
       "ETHOpen                     0.829288  0.574975    0.735227  \n",
       "ETHHigh                     0.832486  0.578172    0.737873  \n",
       "ETHLow                      0.827127  0.574242    0.735122  \n",
       "TBondsOpenValue            -0.398502 -0.256625   -0.458474  \n",
       "IndexFutures               -0.160509  0.013293   -0.036247  \n",
       "InflationRateValue          0.764245  0.909754    0.754698  \n",
       "UnemploymentValue          -0.913640 -0.818721   -0.871006  \n",
       "FedFundRateValue            1.000000  0.875812    0.895625  \n",
       "GDP                         0.875812  1.000000    0.794398  \n",
       "SandPValue                  0.895625  0.794398    1.000000  "
      ]
     },
     "execution_count": 37,
     "metadata": {},
     "output_type": "execute_result"
    }
   ],
   "source": [
    "df.corr()"
   ]
  },
  {
   "cell_type": "code",
   "execution_count": 38,
   "metadata": {},
   "outputs": [
    {
     "data": {
      "text/html": [
       "<div>\n",
       "<style>\n",
       "    .dataframe thead tr:only-child th {\n",
       "        text-align: right;\n",
       "    }\n",
       "\n",
       "    .dataframe thead th {\n",
       "        text-align: left;\n",
       "    }\n",
       "\n",
       "    .dataframe tbody tr th {\n",
       "        vertical-align: top;\n",
       "    }\n",
       "</style>\n",
       "<table border=\"1\" class=\"dataframe\">\n",
       "  <thead>\n",
       "    <tr style=\"text-align: right;\">\n",
       "      <th></th>\n",
       "      <th>ETHOpen</th>\n",
       "      <th>ETHHigh</th>\n",
       "      <th>ETHLow</th>\n",
       "      <th>TBondsOpenValue</th>\n",
       "      <th>IndexFutures</th>\n",
       "      <th>InflationRateValue</th>\n",
       "      <th>UnemploymentValue</th>\n",
       "      <th>FedFundRateValue</th>\n",
       "      <th>GDP</th>\n",
       "      <th>SandPValue</th>\n",
       "    </tr>\n",
       "  </thead>\n",
       "  <tbody>\n",
       "    <tr>\n",
       "      <th>ETHOpen</th>\n",
       "      <td>1.000000</td>\n",
       "      <td>0.995286</td>\n",
       "      <td>0.992657</td>\n",
       "      <td>-0.119233</td>\n",
       "      <td>-0.282515</td>\n",
       "      <td>0.725091</td>\n",
       "      <td>-0.802533</td>\n",
       "      <td>0.841612</td>\n",
       "      <td>0.838851</td>\n",
       "      <td>0.798933</td>\n",
       "    </tr>\n",
       "    <tr>\n",
       "      <th>ETHHigh</th>\n",
       "      <td>0.995286</td>\n",
       "      <td>1.000000</td>\n",
       "      <td>0.990276</td>\n",
       "      <td>-0.110806</td>\n",
       "      <td>-0.288013</td>\n",
       "      <td>0.718358</td>\n",
       "      <td>-0.795722</td>\n",
       "      <td>0.835134</td>\n",
       "      <td>0.836049</td>\n",
       "      <td>0.791848</td>\n",
       "    </tr>\n",
       "    <tr>\n",
       "      <th>ETHLow</th>\n",
       "      <td>0.992657</td>\n",
       "      <td>0.990276</td>\n",
       "      <td>1.000000</td>\n",
       "      <td>-0.131180</td>\n",
       "      <td>-0.274681</td>\n",
       "      <td>0.736842</td>\n",
       "      <td>-0.816493</td>\n",
       "      <td>0.851025</td>\n",
       "      <td>0.845820</td>\n",
       "      <td>0.812817</td>\n",
       "    </tr>\n",
       "    <tr>\n",
       "      <th>TBondsOpenValue</th>\n",
       "      <td>-0.119233</td>\n",
       "      <td>-0.110806</td>\n",
       "      <td>-0.131180</td>\n",
       "      <td>1.000000</td>\n",
       "      <td>-0.555084</td>\n",
       "      <td>-0.535967</td>\n",
       "      <td>0.453729</td>\n",
       "      <td>-0.407119</td>\n",
       "      <td>-0.429340</td>\n",
       "      <td>-0.480768</td>\n",
       "    </tr>\n",
       "    <tr>\n",
       "      <th>IndexFutures</th>\n",
       "      <td>-0.282515</td>\n",
       "      <td>-0.288013</td>\n",
       "      <td>-0.274681</td>\n",
       "      <td>-0.555084</td>\n",
       "      <td>1.000000</td>\n",
       "      <td>0.271134</td>\n",
       "      <td>-0.034828</td>\n",
       "      <td>-0.010803</td>\n",
       "      <td>0.038248</td>\n",
       "      <td>-0.003806</td>\n",
       "    </tr>\n",
       "    <tr>\n",
       "      <th>InflationRateValue</th>\n",
       "      <td>0.725091</td>\n",
       "      <td>0.718358</td>\n",
       "      <td>0.736842</td>\n",
       "      <td>-0.535967</td>\n",
       "      <td>0.271134</td>\n",
       "      <td>1.000000</td>\n",
       "      <td>-0.858060</td>\n",
       "      <td>0.860485</td>\n",
       "      <td>0.907524</td>\n",
       "      <td>0.767573</td>\n",
       "    </tr>\n",
       "    <tr>\n",
       "      <th>UnemploymentValue</th>\n",
       "      <td>-0.802533</td>\n",
       "      <td>-0.795722</td>\n",
       "      <td>-0.816493</td>\n",
       "      <td>0.453729</td>\n",
       "      <td>-0.034828</td>\n",
       "      <td>-0.858060</td>\n",
       "      <td>1.000000</td>\n",
       "      <td>-0.905103</td>\n",
       "      <td>-0.867071</td>\n",
       "      <td>-0.834850</td>\n",
       "    </tr>\n",
       "    <tr>\n",
       "      <th>FedFundRateValue</th>\n",
       "      <td>0.841612</td>\n",
       "      <td>0.835134</td>\n",
       "      <td>0.851025</td>\n",
       "      <td>-0.407119</td>\n",
       "      <td>-0.010803</td>\n",
       "      <td>0.860485</td>\n",
       "      <td>-0.905103</td>\n",
       "      <td>1.000000</td>\n",
       "      <td>0.917429</td>\n",
       "      <td>0.881213</td>\n",
       "    </tr>\n",
       "    <tr>\n",
       "      <th>GDP</th>\n",
       "      <td>0.838851</td>\n",
       "      <td>0.836049</td>\n",
       "      <td>0.845820</td>\n",
       "      <td>-0.429340</td>\n",
       "      <td>0.038248</td>\n",
       "      <td>0.907524</td>\n",
       "      <td>-0.867071</td>\n",
       "      <td>0.917429</td>\n",
       "      <td>1.000000</td>\n",
       "      <td>0.820587</td>\n",
       "    </tr>\n",
       "    <tr>\n",
       "      <th>SandPValue</th>\n",
       "      <td>0.798933</td>\n",
       "      <td>0.791848</td>\n",
       "      <td>0.812817</td>\n",
       "      <td>-0.480768</td>\n",
       "      <td>-0.003806</td>\n",
       "      <td>0.767573</td>\n",
       "      <td>-0.834850</td>\n",
       "      <td>0.881213</td>\n",
       "      <td>0.820587</td>\n",
       "      <td>1.000000</td>\n",
       "    </tr>\n",
       "  </tbody>\n",
       "</table>\n",
       "</div>"
      ],
      "text/plain": [
       "                     ETHOpen   ETHHigh    ETHLow  TBondsOpenValue  \\\n",
       "ETHOpen             1.000000  0.995286  0.992657        -0.119233   \n",
       "ETHHigh             0.995286  1.000000  0.990276        -0.110806   \n",
       "ETHLow              0.992657  0.990276  1.000000        -0.131180   \n",
       "TBondsOpenValue    -0.119233 -0.110806 -0.131180         1.000000   \n",
       "IndexFutures       -0.282515 -0.288013 -0.274681        -0.555084   \n",
       "InflationRateValue  0.725091  0.718358  0.736842        -0.535967   \n",
       "UnemploymentValue  -0.802533 -0.795722 -0.816493         0.453729   \n",
       "FedFundRateValue    0.841612  0.835134  0.851025        -0.407119   \n",
       "GDP                 0.838851  0.836049  0.845820        -0.429340   \n",
       "SandPValue          0.798933  0.791848  0.812817        -0.480768   \n",
       "\n",
       "                    IndexFutures  InflationRateValue  UnemploymentValue  \\\n",
       "ETHOpen                -0.282515            0.725091          -0.802533   \n",
       "ETHHigh                -0.288013            0.718358          -0.795722   \n",
       "ETHLow                 -0.274681            0.736842          -0.816493   \n",
       "TBondsOpenValue        -0.555084           -0.535967           0.453729   \n",
       "IndexFutures            1.000000            0.271134          -0.034828   \n",
       "InflationRateValue      0.271134            1.000000          -0.858060   \n",
       "UnemploymentValue      -0.034828           -0.858060           1.000000   \n",
       "FedFundRateValue       -0.010803            0.860485          -0.905103   \n",
       "GDP                     0.038248            0.907524          -0.867071   \n",
       "SandPValue             -0.003806            0.767573          -0.834850   \n",
       "\n",
       "                    FedFundRateValue       GDP  SandPValue  \n",
       "ETHOpen                     0.841612  0.838851    0.798933  \n",
       "ETHHigh                     0.835134  0.836049    0.791848  \n",
       "ETHLow                      0.851025  0.845820    0.812817  \n",
       "TBondsOpenValue            -0.407119 -0.429340   -0.480768  \n",
       "IndexFutures               -0.010803  0.038248   -0.003806  \n",
       "InflationRateValue          0.860485  0.907524    0.767573  \n",
       "UnemploymentValue          -0.905103 -0.867071   -0.834850  \n",
       "FedFundRateValue            1.000000  0.917429    0.881213  \n",
       "GDP                         0.917429  1.000000    0.820587  \n",
       "SandPValue                  0.881213  0.820587    1.000000  "
      ]
     },
     "execution_count": 38,
     "metadata": {},
     "output_type": "execute_result"
    }
   ],
   "source": [
    "df.corr('spearman')"
   ]
  },
  {
   "cell_type": "code",
   "execution_count": 39,
   "metadata": {},
   "outputs": [
    {
     "data": {
      "text/html": [
       "<div>\n",
       "<style>\n",
       "    .dataframe thead tr:only-child th {\n",
       "        text-align: right;\n",
       "    }\n",
       "\n",
       "    .dataframe thead th {\n",
       "        text-align: left;\n",
       "    }\n",
       "\n",
       "    .dataframe tbody tr th {\n",
       "        vertical-align: top;\n",
       "    }\n",
       "</style>\n",
       "<table border=\"1\" class=\"dataframe\">\n",
       "  <thead>\n",
       "    <tr style=\"text-align: right;\">\n",
       "      <th></th>\n",
       "      <th>ETHOpen</th>\n",
       "      <th>ETHHigh</th>\n",
       "      <th>ETHLow</th>\n",
       "      <th>TBondsOpenValue</th>\n",
       "      <th>IndexFutures</th>\n",
       "      <th>InflationRateValue</th>\n",
       "      <th>UnemploymentValue</th>\n",
       "      <th>FedFundRateValue</th>\n",
       "      <th>GDP</th>\n",
       "      <th>SandPValue</th>\n",
       "    </tr>\n",
       "  </thead>\n",
       "  <tbody>\n",
       "    <tr>\n",
       "      <th>ETHOpen</th>\n",
       "      <td>1.000000</td>\n",
       "      <td>0.954751</td>\n",
       "      <td>0.947916</td>\n",
       "      <td>-0.025504</td>\n",
       "      <td>-0.192997</td>\n",
       "      <td>0.516204</td>\n",
       "      <td>-0.621241</td>\n",
       "      <td>0.673780</td>\n",
       "      <td>0.712215</td>\n",
       "      <td>0.587596</td>\n",
       "    </tr>\n",
       "    <tr>\n",
       "      <th>ETHHigh</th>\n",
       "      <td>0.954751</td>\n",
       "      <td>1.000000</td>\n",
       "      <td>0.932364</td>\n",
       "      <td>-0.021244</td>\n",
       "      <td>-0.197216</td>\n",
       "      <td>0.509794</td>\n",
       "      <td>-0.612629</td>\n",
       "      <td>0.665887</td>\n",
       "      <td>0.709464</td>\n",
       "      <td>0.580798</td>\n",
       "    </tr>\n",
       "    <tr>\n",
       "      <th>ETHLow</th>\n",
       "      <td>0.947916</td>\n",
       "      <td>0.932364</td>\n",
       "      <td>1.000000</td>\n",
       "      <td>-0.031948</td>\n",
       "      <td>-0.189029</td>\n",
       "      <td>0.528191</td>\n",
       "      <td>-0.637452</td>\n",
       "      <td>0.687025</td>\n",
       "      <td>0.719161</td>\n",
       "      <td>0.604204</td>\n",
       "    </tr>\n",
       "    <tr>\n",
       "      <th>TBondsOpenValue</th>\n",
       "      <td>-0.025504</td>\n",
       "      <td>-0.021244</td>\n",
       "      <td>-0.031948</td>\n",
       "      <td>1.000000</td>\n",
       "      <td>-0.386581</td>\n",
       "      <td>-0.366886</td>\n",
       "      <td>0.282136</td>\n",
       "      <td>-0.183865</td>\n",
       "      <td>-0.289780</td>\n",
       "      <td>-0.246812</td>\n",
       "    </tr>\n",
       "    <tr>\n",
       "      <th>IndexFutures</th>\n",
       "      <td>-0.192997</td>\n",
       "      <td>-0.197216</td>\n",
       "      <td>-0.189029</td>\n",
       "      <td>-0.386581</td>\n",
       "      <td>1.000000</td>\n",
       "      <td>0.158178</td>\n",
       "      <td>-0.031164</td>\n",
       "      <td>-0.001319</td>\n",
       "      <td>0.016856</td>\n",
       "      <td>-0.009432</td>\n",
       "    </tr>\n",
       "    <tr>\n",
       "      <th>InflationRateValue</th>\n",
       "      <td>0.516204</td>\n",
       "      <td>0.509794</td>\n",
       "      <td>0.528191</td>\n",
       "      <td>-0.366886</td>\n",
       "      <td>0.158178</td>\n",
       "      <td>1.000000</td>\n",
       "      <td>-0.695482</td>\n",
       "      <td>0.676842</td>\n",
       "      <td>0.792960</td>\n",
       "      <td>0.534640</td>\n",
       "    </tr>\n",
       "    <tr>\n",
       "      <th>UnemploymentValue</th>\n",
       "      <td>-0.621241</td>\n",
       "      <td>-0.612629</td>\n",
       "      <td>-0.637452</td>\n",
       "      <td>0.282136</td>\n",
       "      <td>-0.031164</td>\n",
       "      <td>-0.695482</td>\n",
       "      <td>1.000000</td>\n",
       "      <td>-0.785791</td>\n",
       "      <td>-0.786157</td>\n",
       "      <td>-0.664156</td>\n",
       "    </tr>\n",
       "    <tr>\n",
       "      <th>FedFundRateValue</th>\n",
       "      <td>0.673780</td>\n",
       "      <td>0.665887</td>\n",
       "      <td>0.687025</td>\n",
       "      <td>-0.183865</td>\n",
       "      <td>-0.001319</td>\n",
       "      <td>0.676842</td>\n",
       "      <td>-0.785791</td>\n",
       "      <td>1.000000</td>\n",
       "      <td>0.818909</td>\n",
       "      <td>0.722127</td>\n",
       "    </tr>\n",
       "    <tr>\n",
       "      <th>GDP</th>\n",
       "      <td>0.712215</td>\n",
       "      <td>0.709464</td>\n",
       "      <td>0.719161</td>\n",
       "      <td>-0.289780</td>\n",
       "      <td>0.016856</td>\n",
       "      <td>0.792960</td>\n",
       "      <td>-0.786157</td>\n",
       "      <td>0.818909</td>\n",
       "      <td>1.000000</td>\n",
       "      <td>0.673520</td>\n",
       "    </tr>\n",
       "    <tr>\n",
       "      <th>SandPValue</th>\n",
       "      <td>0.587596</td>\n",
       "      <td>0.580798</td>\n",
       "      <td>0.604204</td>\n",
       "      <td>-0.246812</td>\n",
       "      <td>-0.009432</td>\n",
       "      <td>0.534640</td>\n",
       "      <td>-0.664156</td>\n",
       "      <td>0.722127</td>\n",
       "      <td>0.673520</td>\n",
       "      <td>1.000000</td>\n",
       "    </tr>\n",
       "  </tbody>\n",
       "</table>\n",
       "</div>"
      ],
      "text/plain": [
       "                     ETHOpen   ETHHigh    ETHLow  TBondsOpenValue  \\\n",
       "ETHOpen             1.000000  0.954751  0.947916        -0.025504   \n",
       "ETHHigh             0.954751  1.000000  0.932364        -0.021244   \n",
       "ETHLow              0.947916  0.932364  1.000000        -0.031948   \n",
       "TBondsOpenValue    -0.025504 -0.021244 -0.031948         1.000000   \n",
       "IndexFutures       -0.192997 -0.197216 -0.189029        -0.386581   \n",
       "InflationRateValue  0.516204  0.509794  0.528191        -0.366886   \n",
       "UnemploymentValue  -0.621241 -0.612629 -0.637452         0.282136   \n",
       "FedFundRateValue    0.673780  0.665887  0.687025        -0.183865   \n",
       "GDP                 0.712215  0.709464  0.719161        -0.289780   \n",
       "SandPValue          0.587596  0.580798  0.604204        -0.246812   \n",
       "\n",
       "                    IndexFutures  InflationRateValue  UnemploymentValue  \\\n",
       "ETHOpen                -0.192997            0.516204          -0.621241   \n",
       "ETHHigh                -0.197216            0.509794          -0.612629   \n",
       "ETHLow                 -0.189029            0.528191          -0.637452   \n",
       "TBondsOpenValue        -0.386581           -0.366886           0.282136   \n",
       "IndexFutures            1.000000            0.158178          -0.031164   \n",
       "InflationRateValue      0.158178            1.000000          -0.695482   \n",
       "UnemploymentValue      -0.031164           -0.695482           1.000000   \n",
       "FedFundRateValue       -0.001319            0.676842          -0.785791   \n",
       "GDP                     0.016856            0.792960          -0.786157   \n",
       "SandPValue             -0.009432            0.534640          -0.664156   \n",
       "\n",
       "                    FedFundRateValue       GDP  SandPValue  \n",
       "ETHOpen                     0.673780  0.712215    0.587596  \n",
       "ETHHigh                     0.665887  0.709464    0.580798  \n",
       "ETHLow                      0.687025  0.719161    0.604204  \n",
       "TBondsOpenValue            -0.183865 -0.289780   -0.246812  \n",
       "IndexFutures               -0.001319  0.016856   -0.009432  \n",
       "InflationRateValue          0.676842  0.792960    0.534640  \n",
       "UnemploymentValue          -0.785791 -0.786157   -0.664156  \n",
       "FedFundRateValue            1.000000  0.818909    0.722127  \n",
       "GDP                         0.818909  1.000000    0.673520  \n",
       "SandPValue                  0.722127  0.673520    1.000000  "
      ]
     },
     "execution_count": 39,
     "metadata": {},
     "output_type": "execute_result"
    }
   ],
   "source": [
    "df.corr('kendall')"
   ]
  },
  {
   "cell_type": "code",
   "execution_count": 40,
   "metadata": {},
   "outputs": [
    {
     "data": {
      "text/html": [
       "\n",
       "    <div class=\"bk-root\">\n",
       "        <a href=\"http://bokeh.pydata.org\" target=\"_blank\" class=\"bk-logo bk-logo-small bk-logo-notebook\"></a>\n",
       "        <span id=\"1c8e8649-49ab-476d-88e0-4ff2c499d6f4\">Loading BokehJS ...</span>\n",
       "    </div>"
      ]
     },
     "metadata": {},
     "output_type": "display_data"
    },
    {
     "data": {
      "application/javascript": [
       "\n",
       "(function(global) {\n",
       "  function now() {\n",
       "    return new Date();\n",
       "  }\n",
       "\n",
       "  var force = true;\n",
       "\n",
       "  if (typeof (window._bokeh_onload_callbacks) === \"undefined\" || force === true) {\n",
       "    window._bokeh_onload_callbacks = [];\n",
       "    window._bokeh_is_loading = undefined;\n",
       "  }\n",
       "\n",
       "\n",
       "  \n",
       "  if (typeof (window._bokeh_timeout) === \"undefined\" || force === true) {\n",
       "    window._bokeh_timeout = Date.now() + 5000;\n",
       "    window._bokeh_failed_load = false;\n",
       "  }\n",
       "\n",
       "  var NB_LOAD_WARNING = {'data': {'text/html':\n",
       "     \"<div style='background-color: #fdd'>\\n\"+\n",
       "     \"<p>\\n\"+\n",
       "     \"BokehJS does not appear to have successfully loaded. If loading BokehJS from CDN, this \\n\"+\n",
       "     \"may be due to a slow or bad network connection. Possible fixes:\\n\"+\n",
