{
 "cells": [
  {
   "cell_type": "code",
   "execution_count": 2,
   "metadata": {
    "collapsed": true
   },
   "outputs": [],
   "source": [
    "import pandas as pd\n",
    "import numpy as np\n",
    "import matplotlib.pylab as plt\n",
    "%matplotlib inline\n",
    "from matplotlib.pylab import rcParams\n",
    "rcParams['figure.figsize'] = 15, 6\n",
    "\n",
    "data = pd.read_csv('C:/Users/JP/Documents/School/Practicum/Github/Practicum/data/dataset.csv')"
   ]
  },
  {
   "cell_type": "code",
   "execution_count": 3,
   "metadata": {},
   "outputs": [
    {
     "data": {
      "text/html": [
       "<div>\n",
       "<style>\n",
       "    .dataframe thead tr:only-child th {\n",
       "        text-align: right;\n",
       "    }\n",
       "\n",
       "    .dataframe thead th {\n",
       "        text-align: left;\n",
       "    }\n",
       "\n",
       "    .dataframe tbody tr th {\n",
       "        vertical-align: top;\n",
       "    }\n",
       "</style>\n",
       "<table border=\"1\" class=\"dataframe\">\n",
       "  <thead>\n",
       "    <tr style=\"text-align: right;\">\n",
       "      <th></th>\n",
       "      <th>ETHOpen</th>\n",
       "      <th>ETHHigh</th>\n",
       "      <th>ETHLow</th>\n",
       "      <th>volumeto</th>\n",
       "      <th>volumefrom</th>\n",
       "      <th>TBondsOpenValue</th>\n",
       "      <th>IndexFutures</th>\n",
       "      <th>InflationRateValue</th>\n",
       "      <th>UnemploymentValue</th>\n",
       "      <th>FedFundRateValue</th>\n",
       "      <th>GDP</th>\n",
       "      <th>SandPValue</th>\n",
       "    </tr>\n",
       "    <tr>\n",
       "      <th>Date</th>\n",
       "      <th></th>\n",
       "      <th></th>\n",
       "      <th></th>\n",
       "      <th></th>\n",
       "      <th></th>\n",
       "      <th></th>\n",
       "      <th></th>\n",
       "      <th></th>\n",
       "      <th></th>\n",
       "      <th></th>\n",
       "      <th></th>\n",
       "      <th></th>\n",
       "    </tr>\n",
       "  </thead>\n",
       "  <tbody>\n",
       "    <tr>\n",
       "      <th>2015-08-07</th>\n",
       "      <td>0.6747</td>\n",
       "      <td>3.0</td>\n",
       "      <td>0.6747</td>\n",
       "      <td>371.79</td>\n",
       "      <td>123.93</td>\n",
       "      <td>155.6875</td>\n",
       "      <td>98.290</td>\n",
       "      <td>0.17</td>\n",
       "      <td>5.1</td>\n",
       "      <td>0.14</td>\n",
       "      <td>17393.1</td>\n",
       "      <td>2093.0</td>\n",
       "    </tr>\n",
       "    <tr>\n",
       "      <th>2015-08-08</th>\n",
       "      <td>3.0000</td>\n",
       "      <td>3.0</td>\n",
       "      <td>0.1500</td>\n",
       "      <td>1438.16</td>\n",
       "      <td>2119.43</td>\n",
       "      <td>157.0000</td>\n",
       "      <td>98.215</td>\n",
       "      <td>0.17</td>\n",
       "      <td>5.1</td>\n",
       "      <td>0.14</td>\n",
       "      <td>17393.1</td>\n",
       "      <td>2080.0</td>\n",
       "    </tr>\n",
       "    <tr>\n",
       "      <th>2015-08-09</th>\n",
       "      <td>1.2000</td>\n",
       "      <td>1.2</td>\n",
       "      <td>1.2000</td>\n",
       "      <td>0.00</td>\n",
       "      <td>0.00</td>\n",
       "      <td>157.0000</td>\n",
       "      <td>98.215</td>\n",
       "      <td>0.17</td>\n",
       "      <td>5.1</td>\n",
       "      <td>0.14</td>\n",
       "      <td>17393.1</td>\n",
       "      <td>2080.0</td>\n",
       "    </tr>\n",
       "    <tr>\n",
       "      <th>2015-08-10</th>\n",
       "      <td>1.2000</td>\n",
       "      <td>1.2</td>\n",
       "      <td>1.2000</td>\n",
       "      <td>0.00</td>\n",
       "      <td>0.00</td>\n",
       "      <td>157.0000</td>\n",
       "      <td>98.215</td>\n",
       "      <td>0.17</td>\n",
       "      <td>5.1</td>\n",
       "      <td>0.14</td>\n",
       "      <td>17393.1</td>\n",
       "      <td>2080.0</td>\n",
       "    </tr>\n",
       "    <tr>\n",
       "      <th>2015-08-11</th>\n",
       "      <td>1.2000</td>\n",
       "      <td>1.2</td>\n",
       "      <td>0.6504</td>\n",
       "      <td>7419.73</td>\n",
       "      <td>9486.09</td>\n",
       "      <td>158.6250</td>\n",
       "      <td>97.985</td>\n",
       "      <td>0.17</td>\n",
       "      <td>5.1</td>\n",
       "      <td>0.15</td>\n",
       "      <td>17393.1</td>\n",
       "      <td>2072.5</td>\n",
       "    </tr>\n",
       "  </tbody>\n",
       "</table>\n",
       "</div>"
      ],
      "text/plain": [
       "            ETHOpen  ETHHigh  ETHLow  volumeto  volumefrom  TBondsOpenValue  \\\n",
       "Date                                                                          \n",
       "2015-08-07   0.6747      3.0  0.6747    371.79      123.93         155.6875   \n",
       "2015-08-08   3.0000      3.0  0.1500   1438.16     2119.43         157.0000   \n",
       "2015-08-09   1.2000      1.2  1.2000      0.00        0.00         157.0000   \n",
       "2015-08-10   1.2000      1.2  1.2000      0.00        0.00         157.0000   \n",
       "2015-08-11   1.2000      1.2  0.6504   7419.73     9486.09         158.6250   \n",
       "\n",
       "            IndexFutures  InflationRateValue  UnemploymentValue  \\\n",
       "Date                                                              \n",
       "2015-08-07        98.290                0.17                5.1   \n",
       "2015-08-08        98.215                0.17                5.1   \n",
       "2015-08-09        98.215                0.17                5.1   \n",
       "2015-08-10        98.215                0.17                5.1   \n",
       "2015-08-11        97.985                0.17                5.1   \n",
       "\n",
       "            FedFundRateValue      GDP  SandPValue  \n",
       "Date                                               \n",
       "2015-08-07              0.14  17393.1      2093.0  \n",
       "2015-08-08              0.14  17393.1      2080.0  \n",
       "2015-08-09              0.14  17393.1      2080.0  \n",
       "2015-08-10              0.14  17393.1      2080.0  \n",
       "2015-08-11              0.15  17393.1      2072.5  "
      ]
     },
     "execution_count": 3,
     "metadata": {},
     "output_type": "execute_result"
    }
   ],
   "source": [
    "df = pd.DataFrame(data)\n",
    "df['Date'] = pd.to_datetime(df['Date'],format='%Y-%m-%d')\n",
    "df = df.set_index('Date')\n",
    "df.head()"
   ]
  },
  {
   "cell_type": "code",
   "execution_count": 3,
   "metadata": {},
   "outputs": [
    {
     "data": {
      "text/html": [
       "<div>\n",
       "<style>\n",
       "    .dataframe thead tr:only-child th {\n",
       "        text-align: right;\n",
       "    }\n",
       "\n",
       "    .dataframe thead th {\n",
       "        text-align: left;\n",
       "    }\n",
       "\n",
       "    .dataframe tbody tr th {\n",
       "        vertical-align: top;\n",
       "    }\n",
       "</style>\n",
       "<table border=\"1\" class=\"dataframe\">\n",
       "  <thead>\n",
       "    <tr style=\"text-align: right;\">\n",
       "      <th></th>\n",
       "      <th>ETHOpen</th>\n",
       "      <th>ETHHigh</th>\n",
       "      <th>ETHLow</th>\n",
       "      <th>volumeto</th>\n",
       "      <th>volumefrom</th>\n",
       "      <th>TBondsOpenValue</th>\n",
       "      <th>IndexFutures</th>\n",
       "      <th>InflationRateValue</th>\n",
       "      <th>UnemploymentValue</th>\n",
       "      <th>FedFundRateValue</th>\n",
       "      <th>GDP</th>\n",
       "      <th>SandPValue</th>\n",
       "    </tr>\n",
       "  </thead>\n",
       "  <tbody>\n",
       "    <tr>\n",
       "      <th>count</th>\n",
       "      <td>802.000000</td>\n",
       "      <td>802.000000</td>\n",
       "      <td>802.000000</td>\n",
       "      <td>8.020000e+02</td>\n",
       "      <td>8.020000e+02</td>\n",
       "      <td>795.000000</td>\n",
       "      <td>801.000000</td>\n",
       "      <td>801.000000</td>\n",
       "      <td>801.000000</td>\n",
       "      <td>798.000000</td>\n",
       "      <td>802.000000</td>\n",
       "      <td>795.000000</td>\n",
       "    </tr>\n",
       "    <tr>\n",
       "      <th>mean</th>\n",
       "      <td>61.858921</td>\n",
       "      <td>64.884130</td>\n",
       "      <td>58.302506</td>\n",
       "      <td>4.126373e+07</td>\n",
       "      <td>2.977810e+05</td>\n",
       "      <td>158.810377</td>\n",
       "      <td>97.050986</td>\n",
       "      <td>1.324678</td>\n",
       "      <td>4.730712</td>\n",
       "      <td>0.545664</td>\n",
       "      <td>18110.560474</td>\n",
       "      <td>2185.708717</td>\n",
       "    </tr>\n",
       "    <tr>\n",
       "      <th>std</th>\n",
       "      <td>106.020978</td>\n",
       "      <td>110.642015</td>\n",
       "      <td>100.047868</td>\n",
       "      <td>9.225653e+07</td>\n",
       "      <td>4.389902e+05</td>\n",
       "      <td>7.079210</td>\n",
       "      <td>2.715440</td>\n",
       "      <td>0.750402</td>\n",
       "      <td>0.270242</td>\n",
       "      <td>0.336913</td>\n",
       "      <td>415.721409</td>\n",
       "      <td>181.389460</td>\n",
       "    </tr>\n",
       "    <tr>\n",
       "      <th>min</th>\n",
       "      <td>0.420000</td>\n",
       "      <td>0.471900</td>\n",
       "      <td>0.150000</td>\n",
       "      <td>0.000000e+00</td>\n",
       "      <td>0.000000e+00</td>\n",
       "      <td>147.500000</td>\n",
       "      <td>91.190000</td>\n",
       "      <td>-0.036000</td>\n",
       "      <td>4.200000</td>\n",
       "      <td>0.070000</td>\n",
       "      <td>17393.100000</td>\n",
       "      <td>1828.000000</td>\n",
       "    </tr>\n",
       "    <tr>\n",
       "      <th>25%</th>\n",
       "      <td>5.757500</td>\n",
       "      <td>6.402500</td>\n",
       "      <td>5.367500</td>\n",
       "      <td>1.832341e+05</td>\n",
       "      <td>2.975167e+04</td>\n",
       "      <td>153.125000</td>\n",
       "      <td>95.160000</td>\n",
       "      <td>0.835000</td>\n",
       "      <td>4.500000</td>\n",
       "      <td>0.370000</td>\n",
       "      <td>18036.650000</td>\n",
       "      <td>2053.700000</td>\n",
       "    </tr>\n",
       "    <tr>\n",
       "      <th>50%</th>\n",
       "      <td>11.220000</td>\n",
       "      <td>11.625000</td>\n",
       "      <td>10.885000</td>\n",
       "      <td>1.310578e+06</td>\n",
       "      <td>1.159604e+05</td>\n",
       "      <td>156.500000</td>\n",
       "      <td>96.750000</td>\n",
       "      <td>1.373000</td>\n",
       "      <td>4.800000</td>\n",
       "      <td>0.400000</td>\n",
       "      <td>18036.650000</td>\n",
       "      <td>2155.200000</td>\n",
       "    </tr>\n",
       "    <tr>\n",
       "      <th>75%</th>\n",
       "      <td>44.415000</td>\n",
       "      <td>47.255000</td>\n",
       "      <td>42.700000</td>\n",
       "      <td>2.071110e+07</td>\n",
       "      <td>4.264548e+05</td>\n",
       "      <td>164.562500</td>\n",
       "      <td>99.150000</td>\n",
       "      <td>1.872000</td>\n",
       "      <td>5.000000</td>\n",
       "      <td>0.910000</td>\n",
       "      <td>18569.100000</td>\n",
       "      <td>2358.250000</td>\n",
       "    </tr>\n",
       "    <tr>\n",
       "      <th>max</th>\n",
       "      <td>394.660000</td>\n",
       "      <td>417.210000</td>\n",
       "      <td>386.710000</td>\n",
       "      <td>6.422035e+08</td>\n",
       "      <td>3.019203e+06</td>\n",
       "      <td>177.093750</td>\n",
       "      <td>103.370000</td>\n",
       "      <td>2.738000</td>\n",
       "      <td>5.100000</td>\n",
       "      <td>1.160000</td>\n",
       "      <td>18569.100000</td>\n",
       "      <td>2552.100000</td>\n",
       "    </tr>\n",
       "  </tbody>\n",
       "</table>\n",
       "</div>"
      ],
      "text/plain": [
       "          ETHOpen     ETHHigh      ETHLow      volumeto    volumefrom  \\\n",
       "count  802.000000  802.000000  802.000000  8.020000e+02  8.020000e+02   \n",
       "mean    61.858921   64.884130   58.302506  4.126373e+07  2.977810e+05   \n",
       "std    106.020978  110.642015  100.047868  9.225653e+07  4.389902e+05   \n",
       "min      0.420000    0.471900    0.150000  0.000000e+00  0.000000e+00   \n",
       "25%      5.757500    6.402500    5.367500  1.832341e+05  2.975167e+04   \n",
       "50%     11.220000   11.625000   10.885000  1.310578e+06  1.159604e+05   \n",
       "75%     44.415000   47.255000   42.700000  2.071110e+07  4.264548e+05   \n",
       "max    394.660000  417.210000  386.710000  6.422035e+08  3.019203e+06   \n",
       "\n",
       "       TBondsOpenValue  IndexFutures  InflationRateValue  UnemploymentValue  \\\n",
       "count       795.000000    801.000000          801.000000         801.000000   \n",
       "mean        158.810377     97.050986            1.324678           4.730712   \n",
       "std           7.079210      2.715440            0.750402           0.270242   \n",
       "min         147.500000     91.190000           -0.036000           4.200000   \n",
       "25%         153.125000     95.160000            0.835000           4.500000   \n",
       "50%         156.500000     96.750000            1.373000           4.800000   \n",
       "75%         164.562500     99.150000            1.872000           5.000000   \n",
       "max         177.093750    103.370000            2.738000           5.100000   \n",
       "\n",
       "       FedFundRateValue           GDP   SandPValue  \n",
       "count        798.000000    802.000000   795.000000  \n",
       "mean           0.545664  18110.560474  2185.708717  \n",
       "std            0.336913    415.721409   181.389460  \n",
       "min            0.070000  17393.100000  1828.000000  \n",
       "25%            0.370000  18036.650000  2053.700000  \n",
       "50%            0.400000  18036.650000  2155.200000  \n",
       "75%            0.910000  18569.100000  2358.250000  \n",
       "max            1.160000  18569.100000  2552.100000  "
      ]
     },
     "execution_count": 3,
     "metadata": {},
     "output_type": "execute_result"
    }
   ],
   "source": [
    "#Summary of data\n",
    "df.describe()"
   ]
  },
  {
   "cell_type": "code",
   "execution_count": 4,
   "metadata": {},
   "outputs": [
    {
     "data": {
      "text/html": [
       "<div>\n",
       "<style>\n",
       "    .dataframe thead tr:only-child th {\n",
       "        text-align: right;\n",
       "    }\n",
       "\n",
       "    .dataframe thead th {\n",
       "        text-align: left;\n",
       "    }\n",
       "\n",
       "    .dataframe tbody tr th {\n",
       "        vertical-align: top;\n",
       "    }\n",
       "</style>\n",
       "<table border=\"1\" class=\"dataframe\">\n",
       "  <thead>\n",
       "    <tr style=\"text-align: right;\">\n",
       "      <th></th>\n",
       "      <th>ETHOpen</th>\n",
       "      <th>ETHHigh</th>\n",
       "      <th>ETHLow</th>\n",
       "      <th>volumeto</th>\n",
       "      <th>volumefrom</th>\n",
       "      <th>TBondsOpenValue</th>\n",
       "      <th>IndexFutures</th>\n",
       "      <th>InflationRateValue</th>\n",
       "      <th>UnemploymentValue</th>\n",
       "      <th>FedFundRateValue</th>\n",
       "      <th>GDP</th>\n",
       "      <th>SandPValue</th>\n",
       "    </tr>\n",
       "  </thead>\n",
       "  <tbody>\n",
       "    <tr>\n",
       "      <th>ETHOpen</th>\n",
       "      <td>1.000000</td>\n",
       "      <td>0.998207</td>\n",
       "      <td>0.995133</td>\n",
       "      <td>0.793621</td>\n",
       "      <td>0.496976</td>\n",
       "      <td>-0.280400</td>\n",
       "      <td>-0.476592</td>\n",
       "      <td>0.417508</td>\n",
       "      <td>-0.786938</td>\n",
       "      <td>0.840166</td>\n",
       "      <td>0.585919</td>\n",
       "      <td>0.759007</td>\n",
       "    </tr>\n",
       "    <tr>\n",
       "      <th>ETHHigh</th>\n",
       "      <td>0.998207</td>\n",
       "      <td>1.000000</td>\n",
       "      <td>0.994308</td>\n",
       "      <td>0.812646</td>\n",
       "      <td>0.517620</td>\n",
       "      <td>-0.283045</td>\n",
       "      <td>-0.473928</td>\n",
       "      <td>0.420391</td>\n",
       "      <td>-0.790187</td>\n",
       "      <td>0.842294</td>\n",
       "      <td>0.589074</td>\n",
       "      <td>0.761212</td>\n",
       "    </tr>\n",
       "    <tr>\n",
       "      <th>ETHLow</th>\n",
       "      <td>0.995133</td>\n",
       "      <td>0.994308</td>\n",
       "      <td>1.000000</td>\n",
       "      <td>0.763958</td>\n",
       "      <td>0.470969</td>\n",
       "      <td>-0.281081</td>\n",
       "      <td>-0.482654</td>\n",
       "      <td>0.417652</td>\n",
       "      <td>-0.785723</td>\n",
       "      <td>0.838098</td>\n",
       "      <td>0.584843</td>\n",
       "      <td>0.759331</td>\n",
       "    </tr>\n",
       "    <tr>\n",
       "      <th>volumeto</th>\n",
       "      <td>0.793621</td>\n",
       "      <td>0.812646</td>\n",
       "      <td>0.763958</td>\n",
       "      <td>1.000000</td>\n",
       "      <td>0.763117</td>\n",
       "      <td>-0.250900</td>\n",
       "      <td>-0.369002</td>\n",
       "      <td>0.332772</td>\n",
       "      <td>-0.657376</td>\n",
       "      <td>0.701161</td>\n",
       "      <td>0.483073</td>\n",
       "      <td>0.623615</td>\n",
       "    </tr>\n",
       "    <tr>\n",
       "      <th>volumefrom</th>\n",
       "      <td>0.496976</td>\n",
       "      <td>0.517620</td>\n",
       "      <td>0.470969</td>\n",
       "      <td>0.763117</td>\n",
       "      <td>1.000000</td>\n",
       "      <td>-0.239803</td>\n",
       "      <td>-0.107714</td>\n",
       "      <td>0.493661</td>\n",
       "      <td>-0.601451</td>\n",
       "      <td>0.622367</td>\n",
       "      <td>0.549862</td>\n",
       "      <td>0.603603</td>\n",
       "    </tr>\n",
       "    <tr>\n",
       "      <th>TBondsOpenValue</th>\n",
       "      <td>-0.280400</td>\n",
       "      <td>-0.283045</td>\n",
       "      <td>-0.281081</td>\n",
       "      <td>-0.250900</td>\n",
       "      <td>-0.239803</td>\n",
       "      <td>1.000000</td>\n",
       "      <td>-0.461190</td>\n",
       "      <td>-0.420734</td>\n",
       "      <td>0.467129</td>\n",
       "      <td>-0.408117</td>\n",
       "      <td>-0.270950</td>\n",
       "      <td>-0.467631</td>\n",
       "    </tr>\n",
       "    <tr>\n",
       "      <th>IndexFutures</th>\n",
       "      <td>-0.476592</td>\n",
       "      <td>-0.473928</td>\n",
       "      <td>-0.482654</td>\n",
       "      <td>-0.369002</td>\n",
       "      <td>-0.107714</td>\n",
       "      <td>-0.461190</td>\n",
       "      <td>1.000000</td>\n",
       "      <td>0.252341</td>\n",
       "      <td>0.133240</td>\n",
       "      <td>-0.176332</td>\n",
       "      <td>-0.003720</td>\n",
       "      <td>-0.082873</td>\n",
       "    </tr>\n",
       "    <tr>\n",
       "      <th>InflationRateValue</th>\n",
       "      <td>0.417508</td>\n",
       "      <td>0.420391</td>\n",
       "      <td>0.417652</td>\n",
       "      <td>0.332772</td>\n",
       "      <td>0.493661</td>\n",
       "      <td>-0.420734</td>\n",
       "      <td>0.252341</td>\n",
       "      <td>1.000000</td>\n",
       "      <td>-0.779638</td>\n",
       "      <td>0.774308</td>\n",
       "      <td>0.913981</td>\n",
       "      <td>0.758936</td>\n",
       "    </tr>\n",
       "    <tr>\n",
       "      <th>UnemploymentValue</th>\n",
       "      <td>-0.786938</td>\n",
       "      <td>-0.790187</td>\n",
       "      <td>-0.785723</td>\n",
       "      <td>-0.657376</td>\n",
       "      <td>-0.601451</td>\n",
       "      <td>0.467129</td>\n",
       "      <td>0.133240</td>\n",
       "      <td>-0.779638</td>\n",
       "      <td>1.000000</td>\n",
       "      <td>-0.926838</td>\n",
       "      <td>-0.811928</td>\n",
       "      <td>-0.883583</td>\n",
       "    </tr>\n",
       "    <tr>\n",
       "      <th>FedFundRateValue</th>\n",
       "      <td>0.840166</td>\n",
       "      <td>0.842294</td>\n",
       "      <td>0.838098</td>\n",
       "      <td>0.701161</td>\n",
       "      <td>0.622367</td>\n",
       "      <td>-0.408117</td>\n",
       "      <td>-0.176332</td>\n",
       "      <td>0.774308</td>\n",
       "      <td>-0.926838</td>\n",
       "      <td>1.000000</td>\n",
       "      <td>0.875075</td>\n",
       "      <td>0.900535</td>\n",
       "    </tr>\n",
       "    <tr>\n",
       "      <th>GDP</th>\n",
       "      <td>0.585919</td>\n",
       "      <td>0.589074</td>\n",
       "      <td>0.584843</td>\n",
       "      <td>0.483073</td>\n",
       "      <td>0.549862</td>\n",
       "      <td>-0.270950</td>\n",
       "      <td>-0.003720</td>\n",
       "      <td>0.913981</td>\n",
       "      <td>-0.811928</td>\n",
       "      <td>0.875075</td>\n",
       "      <td>1.000000</td>\n",
       "      <td>0.791057</td>\n",
       "    </tr>\n",
       "    <tr>\n",
       "      <th>SandPValue</th>\n",
       "      <td>0.759007</td>\n",
       "      <td>0.761212</td>\n",
       "      <td>0.759331</td>\n",
       "      <td>0.623615</td>\n",
       "      <td>0.603603</td>\n",
       "      <td>-0.467631</td>\n",
       "      <td>-0.082873</td>\n",
       "      <td>0.758936</td>\n",
       "      <td>-0.883583</td>\n",
       "      <td>0.900535</td>\n",
       "      <td>0.791057</td>\n",
       "      <td>1.000000</td>\n",
       "    </tr>\n",
       "  </tbody>\n",
       "</table>\n",
       "</div>"
      ],
      "text/plain": [
       "                     ETHOpen   ETHHigh    ETHLow  volumeto  volumefrom  \\\n",
       "ETHOpen             1.000000  0.998207  0.995133  0.793621    0.496976   \n",
       "ETHHigh             0.998207  1.000000  0.994308  0.812646    0.517620   \n",
       "ETHLow              0.995133  0.994308  1.000000  0.763958    0.470969   \n",
       "volumeto            0.793621  0.812646  0.763958  1.000000    0.763117   \n",
       "volumefrom          0.496976  0.517620  0.470969  0.763117    1.000000   \n",
       "TBondsOpenValue    -0.280400 -0.283045 -0.281081 -0.250900   -0.239803   \n",
       "IndexFutures       -0.476592 -0.473928 -0.482654 -0.369002   -0.107714   \n",
       "InflationRateValue  0.417508  0.420391  0.417652  0.332772    0.493661   \n",
       "UnemploymentValue  -0.786938 -0.790187 -0.785723 -0.657376   -0.601451   \n",
       "FedFundRateValue    0.840166  0.842294  0.838098  0.701161    0.622367   \n",
       "GDP                 0.585919  0.589074  0.584843  0.483073    0.549862   \n",
       "SandPValue          0.759007  0.761212  0.759331  0.623615    0.603603   \n",
       "\n",
       "                    TBondsOpenValue  IndexFutures  InflationRateValue  \\\n",
       "ETHOpen                   -0.280400     -0.476592            0.417508   \n",
       "ETHHigh                   -0.283045     -0.473928            0.420391   \n",
       "ETHLow                    -0.281081     -0.482654            0.417652   \n",
       "volumeto                  -0.250900     -0.369002            0.332772   \n",
       "volumefrom                -0.239803     -0.107714            0.493661   \n",
       "TBondsOpenValue            1.000000     -0.461190           -0.420734   \n",
       "IndexFutures              -0.461190      1.000000            0.252341   \n",
       "InflationRateValue        -0.420734      0.252341            1.000000   \n",
       "UnemploymentValue          0.467129      0.133240           -0.779638   \n",
       "FedFundRateValue          -0.408117     -0.176332            0.774308   \n",
       "GDP                       -0.270950     -0.003720            0.913981   \n",
       "SandPValue                -0.467631     -0.082873            0.758936   \n",
       "\n",
       "                    UnemploymentValue  FedFundRateValue       GDP  SandPValue  \n",
       "ETHOpen                     -0.786938          0.840166  0.585919    0.759007  \n",
       "ETHHigh                     -0.790187          0.842294  0.589074    0.761212  \n",
       "ETHLow                      -0.785723          0.838098  0.584843    0.759331  \n",
       "volumeto                    -0.657376          0.701161  0.483073    0.623615  \n",
       "volumefrom                  -0.601451          0.622367  0.549862    0.603603  \n",
       "TBondsOpenValue              0.467129         -0.408117 -0.270950   -0.467631  \n",
       "IndexFutures                 0.133240         -0.176332 -0.003720   -0.082873  \n",
       "InflationRateValue          -0.779638          0.774308  0.913981    0.758936  \n",
       "UnemploymentValue            1.000000         -0.926838 -0.811928   -0.883583  \n",
       "FedFundRateValue            -0.926838          1.000000  0.875075    0.900535  \n",
       "GDP                         -0.811928          0.875075  1.000000    0.791057  \n",
       "SandPValue                  -0.883583          0.900535  0.791057    1.000000  "
      ]
     },
     "execution_count": 4,
     "metadata": {},
     "output_type": "execute_result"
    }
   ],
   "source": [
    "# Correlation of all features\n",
    "df.corr()"
   ]
  },
  {
   "cell_type": "code",
   "execution_count": 5,
   "metadata": {},
   "outputs": [
    {
     "data": {
      "text/html": [
       "<div>\n",
       "<style>\n",
       "    .dataframe thead tr:only-child th {\n",
       "        text-align: right;\n",
       "    }\n",
       "\n",
       "    .dataframe thead th {\n",
       "        text-align: left;\n",
       "    }\n",
       "\n",
       "    .dataframe tbody tr th {\n",
       "        vertical-align: top;\n",
       "    }\n",
       "</style>\n",
       "<table border=\"1\" class=\"dataframe\">\n",
       "  <thead>\n",
       "    <tr style=\"text-align: right;\">\n",
       "      <th></th>\n",
       "      <th>ETHOpen</th>\n",
       "      <th>ETHHigh</th>\n",
       "      <th>ETHLow</th>\n",
       "      <th>volumeto</th>\n",
       "      <th>volumefrom</th>\n",
       "      <th>TBondsOpenValue</th>\n",
       "      <th>IndexFutures</th>\n",
       "      <th>InflationRateValue</th>\n",
       "      <th>UnemploymentValue</th>\n",
       "      <th>FedFundRateValue</th>\n",
       "      <th>GDP</th>\n",
       "      <th>SandPValue</th>\n",
       "    </tr>\n",
       "  </thead>\n",
       "  <tbody>\n",
       "    <tr>\n",
       "      <th>ETHOpen</th>\n",
       "      <td>1.000000</td>\n",
       "      <td>0.995555</td>\n",
       "      <td>0.992831</td>\n",
       "      <td>0.928593</td>\n",
       "      <td>0.855035</td>\n",
       "      <td>-0.133413</td>\n",
       "      <td>-0.310131</td>\n",
       "      <td>0.728767</td>\n",
       "      <td>-0.812347</td>\n",
       "      <td>0.849217</td>\n",
       "      <td>0.839009</td>\n",
       "      <td>0.809446</td>\n",
       "    </tr>\n",
       "    <tr>\n",
       "      <th>ETHHigh</th>\n",
       "      <td>0.995555</td>\n",
       "      <td>1.000000</td>\n",
       "      <td>0.990024</td>\n",
       "      <td>0.936157</td>\n",
       "      <td>0.865965</td>\n",
       "      <td>-0.126249</td>\n",
       "      <td>-0.315029</td>\n",
       "      <td>0.722564</td>\n",
       "      <td>-0.804568</td>\n",
       "      <td>0.842021</td>\n",
       "      <td>0.835962</td>\n",
       "      <td>0.801220</td>\n",
       "    </tr>\n",
       "    <tr>\n",
       "      <th>ETHLow</th>\n",
       "      <td>0.992831</td>\n",
       "      <td>0.990024</td>\n",
       "      <td>1.000000</td>\n",
       "      <td>0.919046</td>\n",
       "      <td>0.839929</td>\n",
       "      <td>-0.147953</td>\n",
       "      <td>-0.303202</td>\n",
       "      <td>0.740515</td>\n",
       "      <td>-0.825876</td>\n",
       "      <td>0.858392</td>\n",
       "      <td>0.846796</td>\n",
       "      <td>0.821717</td>\n",
       "    </tr>\n",
       "    <tr>\n",
       "      <th>volumeto</th>\n",
       "      <td>0.928593</td>\n",
       "      <td>0.936157</td>\n",
       "      <td>0.919046</td>\n",
       "      <td>1.000000</td>\n",
       "      <td>0.973443</td>\n",
       "      <td>-0.236250</td>\n",
       "      <td>-0.202768</td>\n",
       "      <td>0.761878</td>\n",
       "      <td>-0.850006</td>\n",
       "      <td>0.884199</td>\n",
       "      <td>0.864229</td>\n",
       "      <td>0.847965</td>\n",
       "    </tr>\n",
       "    <tr>\n",
       "      <th>volumefrom</th>\n",
       "      <td>0.855035</td>\n",
       "      <td>0.865965</td>\n",
       "      <td>0.839929</td>\n",
       "      <td>0.973443</td>\n",
       "      <td>1.000000</td>\n",
       "      <td>-0.249988</td>\n",
       "      <td>-0.110041</td>\n",
       "      <td>0.752121</td>\n",
       "      <td>-0.800280</td>\n",
       "      <td>0.837198</td>\n",
       "      <td>0.826323</td>\n",
       "      <td>0.799826</td>\n",
       "    </tr>\n",
       "    <tr>\n",
       "      <th>TBondsOpenValue</th>\n",
       "      <td>-0.133413</td>\n",
       "      <td>-0.126249</td>\n",
       "      <td>-0.147953</td>\n",
       "      <td>-0.236250</td>\n",
       "      <td>-0.249988</td>\n",
       "      <td>1.000000</td>\n",
       "      <td>-0.530720</td>\n",
       "      <td>-0.553882</td>\n",
       "      <td>0.460826</td>\n",
       "      <td>-0.421177</td>\n",
       "      <td>-0.449676</td>\n",
       "      <td>-0.492310</td>\n",
       "    </tr>\n",
       "    <tr>\n",
       "      <th>IndexFutures</th>\n",
       "      <td>-0.310131</td>\n",
       "      <td>-0.315029</td>\n",
       "      <td>-0.303202</td>\n",
       "      <td>-0.202768</td>\n",
       "      <td>-0.110041</td>\n",
       "      <td>-0.530720</td>\n",
       "      <td>1.000000</td>\n",
       "      <td>0.232196</td>\n",
       "      <td>0.033035</td>\n",
       "      <td>-0.035703</td>\n",
       "      <td>0.014631</td>\n",
       "      <td>-0.051333</td>\n",
       "    </tr>\n",
       "    <tr>\n",
       "      <th>InflationRateValue</th>\n",
       "      <td>0.728767</td>\n",
       "      <td>0.722564</td>\n",
       "      <td>0.740515</td>\n",
       "      <td>0.761878</td>\n",
       "      <td>0.752121</td>\n",
       "      <td>-0.553882</td>\n",
       "      <td>0.232196</td>\n",
       "      <td>1.000000</td>\n",
       "      <td>-0.858407</td>\n",
       "      <td>0.864116</td>\n",
       "      <td>0.908003</td>\n",
       "      <td>0.773561</td>\n",
       "    </tr>\n",
       "    <tr>\n",
       "      <th>UnemploymentValue</th>\n",
       "      <td>-0.812347</td>\n",
       "      <td>-0.804568</td>\n",
       "      <td>-0.825876</td>\n",
       "      <td>-0.850006</td>\n",
       "      <td>-0.800280</td>\n",
       "      <td>0.460826</td>\n",
       "      <td>0.033035</td>\n",
       "      <td>-0.858407</td>\n",
       "      <td>1.000000</td>\n",
       "      <td>-0.914921</td>\n",
       "      <td>-0.868995</td>\n",
       "      <td>-0.846160</td>\n",
       "    </tr>\n",
       "    <tr>\n",
       "      <th>FedFundRateValue</th>\n",
       "      <td>0.849217</td>\n",
       "      <td>0.842021</td>\n",
       "      <td>0.858392</td>\n",
       "      <td>0.884199</td>\n",
       "      <td>0.837198</td>\n",
       "      <td>-0.421177</td>\n",
       "      <td>-0.035703</td>\n",
       "      <td>0.864116</td>\n",
       "      <td>-0.914921</td>\n",
       "      <td>1.000000</td>\n",
       "      <td>0.917725</td>\n",
       "      <td>0.889839</td>\n",
       "    </tr>\n",
       "    <tr>\n",
       "      <th>GDP</th>\n",
       "      <td>0.839009</td>\n",
       "      <td>0.835962</td>\n",
       "      <td>0.846796</td>\n",
       "      <td>0.864229</td>\n",
       "      <td>0.826323</td>\n",
       "      <td>-0.449676</td>\n",
       "      <td>0.014631</td>\n",
       "      <td>0.908003</td>\n",
       "      <td>-0.868995</td>\n",
       "      <td>0.917725</td>\n",
       "      <td>1.000000</td>\n",
       "      <td>0.824038</td>\n",
       "    </tr>\n",
       "    <tr>\n",
       "      <th>SandPValue</th>\n",
       "      <td>0.809446</td>\n",
       "      <td>0.801220</td>\n",
       "      <td>0.821717</td>\n",
       "      <td>0.847965</td>\n",
       "      <td>0.799826</td>\n",
       "      <td>-0.492310</td>\n",
       "      <td>-0.051333</td>\n",
       "      <td>0.773561</td>\n",
       "      <td>-0.846160</td>\n",
       "      <td>0.889839</td>\n",
       "      <td>0.824038</td>\n",
       "      <td>1.000000</td>\n",
       "    </tr>\n",
       "  </tbody>\n",
       "</table>\n",
       "</div>"
      ],
      "text/plain": [
       "                     ETHOpen   ETHHigh    ETHLow  volumeto  volumefrom  \\\n",
       "ETHOpen             1.000000  0.995555  0.992831  0.928593    0.855035   \n",
       "ETHHigh             0.995555  1.000000  0.990024  0.936157    0.865965   \n",
       "ETHLow              0.992831  0.990024  1.000000  0.919046    0.839929   \n",
       "volumeto            0.928593  0.936157  0.919046  1.000000    0.973443   \n",
       "volumefrom          0.855035  0.865965  0.839929  0.973443    1.000000   \n",
       "TBondsOpenValue    -0.133413 -0.126249 -0.147953 -0.236250   -0.249988   \n",
       "IndexFutures       -0.310131 -0.315029 -0.303202 -0.202768   -0.110041   \n",
       "InflationRateValue  0.728767  0.722564  0.740515  0.761878    0.752121   \n",
       "UnemploymentValue  -0.812347 -0.804568 -0.825876 -0.850006   -0.800280   \n",
       "FedFundRateValue    0.849217  0.842021  0.858392  0.884199    0.837198   \n",
       "GDP                 0.839009  0.835962  0.846796  0.864229    0.826323   \n",
       "SandPValue          0.809446  0.801220  0.821717  0.847965    0.799826   \n",
       "\n",
       "                    TBondsOpenValue  IndexFutures  InflationRateValue  \\\n",
       "ETHOpen                   -0.133413     -0.310131            0.728767   \n",
       "ETHHigh                   -0.126249     -0.315029            0.722564   \n",
       "ETHLow                    -0.147953     -0.303202            0.740515   \n",
       "volumeto                  -0.236250     -0.202768            0.761878   \n",
       "volumefrom                -0.249988     -0.110041            0.752121   \n",
       "TBondsOpenValue            1.000000     -0.530720           -0.553882   \n",
       "IndexFutures              -0.530720      1.000000            0.232196   \n",
       "InflationRateValue        -0.553882      0.232196            1.000000   \n",
       "UnemploymentValue          0.460826      0.033035           -0.858407   \n",
       "FedFundRateValue          -0.421177     -0.035703            0.864116   \n",
       "GDP                       -0.449676      0.014631            0.908003   \n",
       "SandPValue                -0.492310     -0.051333            0.773561   \n",
       "\n",
       "                    UnemploymentValue  FedFundRateValue       GDP  SandPValue  \n",
       "ETHOpen                     -0.812347          0.849217  0.839009    0.809446  \n",
       "ETHHigh                     -0.804568          0.842021  0.835962    0.801220  \n",
       "ETHLow                      -0.825876          0.858392  0.846796    0.821717  \n",
       "volumeto                    -0.850006          0.884199  0.864229    0.847965  \n",
       "volumefrom                  -0.800280          0.837198  0.826323    0.799826  \n",
       "TBondsOpenValue              0.460826         -0.421177 -0.449676   -0.492310  \n",
       "IndexFutures                 0.033035         -0.035703  0.014631   -0.051333  \n",
       "InflationRateValue          -0.858407          0.864116  0.908003    0.773561  \n",
       "UnemploymentValue            1.000000         -0.914921 -0.868995   -0.846160  \n",
       "FedFundRateValue            -0.914921          1.000000  0.917725    0.889839  \n",
       "GDP                         -0.868995          0.917725  1.000000    0.824038  \n",
       "SandPValue                  -0.846160          0.889839  0.824038    1.000000  "
      ]
     },
     "execution_count": 5,
     "metadata": {},
     "output_type": "execute_result"
    }
   ],
   "source": [
    "# Correlation of all features using Spearman\n",
    "df.corr('spearman')"
   ]
  },
  {
   "cell_type": "code",
   "execution_count": 6,
   "metadata": {},
   "outputs": [
    {
     "data": {
      "text/html": [
       "<div>\n",
       "<style>\n",
       "    .dataframe thead tr:only-child th {\n",
       "        text-align: right;\n",
       "    }\n",
       "\n",
       "    .dataframe thead th {\n",
       "        text-align: left;\n",
       "    }\n",
       "\n",
       "    .dataframe tbody tr th {\n",
       "        vertical-align: top;\n",
       "    }\n",
       "</style>\n",
       "<table border=\"1\" class=\"dataframe\">\n",
       "  <thead>\n",
       "    <tr style=\"text-align: right;\">\n",
       "      <th></th>\n",
       "      <th>ETHOpen</th>\n",
       "      <th>ETHHigh</th>\n",
       "      <th>ETHLow</th>\n",
       "      <th>volumeto</th>\n",
       "      <th>volumefrom</th>\n",
       "      <th>TBondsOpenValue</th>\n",
       "      <th>IndexFutures</th>\n",
       "      <th>InflationRateValue</th>\n",
       "      <th>UnemploymentValue</th>\n",
       "      <th>FedFundRateValue</th>\n",
       "      <th>GDP</th>\n",
       "      <th>SandPValue</th>\n",
       "    </tr>\n",
       "  </thead>\n",
       "  <tbody>\n",
       "    <tr>\n",
       "      <th>ETHOpen</th>\n",
       "      <td>1.000000</td>\n",
       "      <td>0.956558</td>\n",
       "      <td>0.948649</td>\n",
       "      <td>0.770859</td>\n",
       "      <td>0.655489</td>\n",
       "      <td>-0.035616</td>\n",
       "      <td>-0.213729</td>\n",
       "      <td>0.519858</td>\n",
       "      <td>-0.640105</td>\n",
       "      <td>0.683470</td>\n",
       "      <td>0.711994</td>\n",
       "      <td>0.600424</td>\n",
       "    </tr>\n",
       "    <tr>\n",
       "      <th>ETHHigh</th>\n",
       "      <td>0.956558</td>\n",
       "      <td>1.000000</td>\n",
       "      <td>0.932547</td>\n",
       "      <td>0.785911</td>\n",
       "      <td>0.669916</td>\n",
       "      <td>-0.031967</td>\n",
       "      <td>-0.217352</td>\n",
       "      <td>0.513880</td>\n",
       "      <td>-0.630712</td>\n",
       "      <td>0.673759</td>\n",
       "      <td>0.708968</td>\n",
       "      <td>0.591464</td>\n",
       "    </tr>\n",
       "    <tr>\n",
       "      <th>ETHLow</th>\n",
       "      <td>0.948649</td>\n",
       "      <td>0.932547</td>\n",
       "      <td>1.000000</td>\n",
       "      <td>0.751016</td>\n",
       "      <td>0.635407</td>\n",
       "      <td>-0.045036</td>\n",
       "      <td>-0.208125</td>\n",
       "      <td>0.532191</td>\n",
       "      <td>-0.657141</td>\n",
       "      <td>0.696062</td>\n",
       "      <td>0.719770</td>\n",
       "      <td>0.614073</td>\n",
       "    </tr>\n",
       "    <tr>\n",
       "      <th>volumeto</th>\n",
       "      <td>0.770859</td>\n",
       "      <td>0.785911</td>\n",
       "      <td>0.751016</td>\n",
       "      <td>1.000000</td>\n",
       "      <td>0.883530</td>\n",
       "      <td>-0.083207</td>\n",
       "      <td>-0.134876</td>\n",
       "      <td>0.544767</td>\n",
       "      <td>-0.680603</td>\n",
       "      <td>0.722443</td>\n",
       "      <td>0.735443</td>\n",
       "      <td>0.644200</td>\n",
